
 schedule = [
    [4 2 NaN NaN NaN NaN NaN NaN NaN NaN];
    [1 1 1 NaN NaN 0 NaN 0 0 0];
    [2 1 8 NaN NaN 0 NaN 3 0 0];
    [5 1 1 2   0.5 0 NaN 0 2 2];
    [5 2 2 3   0.5 0 NaN 2 2 2];
    [5 3 4 5   0.5 0 NaN 1 2 2];
    [5 4 6 7   0.5 0 NaN 3 2 2];
    [3 1 2 3   4   0 0   0 1 1];
    [3 2 4 5   6   0 0   3 1 1];
    [3 3 7 5   8   0 0   2 1 1]];
 